[nubegokuv2.jpg]
filters=HDR=1,30.294735,1.947368,0.000000;Vignette=1,43.274853,1.660819,0.000000,00000000;
moddate=426525b4c0bbda01
width=1920
height=1080
textactive=0
